0
00000000
01111110
01000010
01000010
01000010
01000010
01000010
01111110
1
00000000
00011100
00111100
01101100
00001100
00001100
00001100
00001100
2
00000000
01111110
00000010
00000010
01111110
01000000
01000000
01111110
3
00000000
01111110
00000010
00000010
01111110
00000010
00000010
01111110
4
00000000
01000010
01000010
01000010
01111110
00000010
00000010
00000010
5
00000000
01111110
01000000
01000000
01111110
00000010
00000010
01111110
6
00000000
01111110
01000000
01000000
01111110
01000010
01000010
01111110
7
00000000
01111110
00000010
00000100
00001000
00010000
00100000
01000000
8
00000000
01111110
01000010
01000010
01111110
01000010
01000010
01111110
9
00000000
01111110
01000010
01000010
01111110
00000010
00000010
01111110
+
00000000
00000000
00011000
00011000
01111110
00011000
00011000
00000000
A
00000000
00011000
00100100
01000010
01000010
01111110
01000010
01000010
B
00000000
01111000
01000100
01000010
01111110
01000010
01000010
01111100
C
00000000
00111110
00100000
01000000
01000000
01000000
00100000
00111110
D
00000000
01110000
01001100
01000100
01000110
01000100
01001100
01110000
E
00000000
01111110
01000000
01000000
01111110
01000000
01000000
01111110
F
00000000
01111110
01000000
01000000
01111110
01000000
01000000
01000000